Classifation report for model_late;
              precision    recall  f1-score   support

           0       0.21      0.02      0.04       190
           1       0.30      0.45      0.36       194
           2       0.58      0.67      0.62       708
           3       0.15      0.16      0.16       136
           4       0.45      0.42      0.43       461
           5       0.00      0.00      0.00        81
           6       0.72      0.70      0.71       374
           7       0.00      0.00      0.00        38
           8       0.35      0.40      0.37       463
           9       0.00      0.00      0.00        95
          10       0.63      0.77      0.69       379
          11       0.57      0.41      0.48       263
          12       0.48      0.32      0.38       395
          13       0.46      0.64      0.54       827
          14       0.00      0.00      0.00        45

    accuracy                           0.49      4649
   macro avg       0.33      0.33      0.32      4649
weighted avg       0.46      0.49      0.46      4649